<case>
4
8 777
10 150530
16 22F0
60 alps
</case>
<case>
50
35 QF
27 AME
38 P
41 d
59 AncK
15 72CD0C
52 LmW
31 355L
46 9dA
46 CN00
48 F
32 BF73
15 87409
5 313
22 865HD
38 JD6
19 822
12 726040
27 52
52 Tec
36 B
25 3
40 T1
8 217524
52 ggn2
24 HJ
40 NG2
46 23
40 c8R
14 5BA
41 QH3
16 1F3
38 K36R
60 9I
46 JHMJ
16 958CC
58 3
43 4UF
3 202
49 ha
25 O1
53 cYiU
25 J
13 2
21 CE2G
34 REA
2 1100
51 DdNc
5 1413
60 X8
</case>
<case>
121
19 11
27 K
39 K
12 18
32 K
15 15
49 K
5 40
6 32
50 K
24 27
17 34
9 61
26 23
31 1O
58 t
44 1B
50 15
16 37
20 2F
16 7FFFFFFF
2 1111111111111111111111111111111
16 7FFFFFFF
56 3oKGIF
34 1D8XQRP
57 3WOqWe
61 2X64Ow
34 1D8XQRP
40 KcYHB7
55 4EbQqC
30 2SB6CS7
57 3WOqWe
19 27C57H32
6 553032005531
8 17777777777
52 5XahcN
22 IKF5BF1
57 3WOqWe
55 4EbQqC
26 6OJ8ION
45 BSVFXa
17 53G7F547
44 D0ffIM
54 4aToNa
41 ILdPQb
14 1652CA930
49 7TPF8g
24 B5GGE56
62 2LKcb0
2 1111111111111111111111111111110
44 0
17 0
4 0
58 0
12 0
38 0
52 0
12 0
10 0
29 0
2 100000
3 100000
4 100000
5 100000
6 100000
7 100000
8 100000
9 100000
10 100000
11 100000
12 100000
13 100000
14 100000
15 100000
16 100000
17 100000
18 100000
19 100000
20 100000
21 100000
22 100000
23 100000
24 100000
25 100000
26 100000
27 100000
28 100000
29 100000
30 10000
31 10000
32 10000
33 10000
34 10000
35 10000
36 10000
37 10000
38 10000
39 10000
40 10000
41 10000
42 10000
43 10000
44 10000
45 10000
46 10000
47 10000
48 10000
49 10000
50 10000
51 10000
52 10000
53 10000
54 10000
55 10000
56 10000
57 10000
58 10000
59 10000
60 10000
61 10000
62 10000
</case>
